        LinSVC        RF       MLP    LogReg
0     0.536335  0.520583  0.537117  0.454135
1     0.586278  0.526463  0.555322  0.453883
2     0.573021  0.543672  0.548756  0.455776
3     0.543847  0.545831  0.560122  0.473691
4     0.530607  0.508695  0.542043  0.466979
5     0.557701  0.549928  0.550095  0.453413
mean  0.554631  0.532529  0.548909  0.459646
          LinSVC          RF         MLP      LogReg
0     169.880576  169.442387  177.189259  167.436787
1     165.169043  160.904700  157.626149  147.750460
2     152.192978  149.378315  153.040393  145.287303
3     149.837500  147.582150  148.476332  146.290829
4     147.289870  152.966018  198.670613  195.885884
5     200.793290  197.745794  164.987469  150.071379
mean  164.193876  163.003227  166.665036  158.787107
