        LinSVC        RF       MLP    LogReg
0     0.631294  0.610106  0.563209  0.610284
1     0.631383  0.614450  0.592996  0.610106
2     0.614273  0.614362  0.550532  0.593174
3     0.606117  0.622872  0.550975  0.597518
4     0.610195  0.623138  0.563830  0.601684
5     0.610018  0.626862  0.542376  0.589007
mean  0.617213  0.618632  0.560653  0.600296
          LinSVC          RF         MLP      LogReg
0     151.878784  147.920889  154.205176  148.038695
1     152.399021  146.997526  153.553374  152.658784
2     153.197214  154.015152  166.791148  150.633025
3     184.777138  204.766296  197.608324  193.999171
4     180.464365  154.648232  153.370703  148.792475
5     147.552756  147.572679  154.113407  151.433885
mean  161.711546  159.320129  163.273688  157.592672
